((eqpy('0b01001100',A_data_0x4326cd0[int2('0b00000000000000000000000000000000')])))
A_data_0x4326cd0
[76, 90, 70, 88, 0, 1, 255, 255, 255, 128, 0, 0, 0, 0, 0, 0, 0, 0, 0, 0, 0, 0, 0, 0, 0, 0, 0, 0, 0, 0, 0, 0, 0, 0, 0, 0, 0, 0, 0, 0, 0, 0, 0, 0, 0, 0, 0, 0, 0, 0, 0, 0, 0, 0, 0, 0, 0, 0, 0, 0, 0, 0, 0, 0]
equal: 0b00000001
True
((notpy(((andpy((andpy((eqpy('0b01001100',A_data_0x4326cd0[int2('0b00000000000000000000000000000000')])),(eqpy('0b01011010',A_data_0x4326cd0[int2('0b00000000000000000000000000000001')])))),(eqpy('0b01000110',A_data_0x4326cd0[int2('0b00000000000000000000000000000010')]))))))))
A_data_0x4326cd0
[76, 90, 70, 88, 0, 1, 255, 255, 255, 128, 0, 0, 0, 0, 0, 0, 0, 0, 0, 0, 0, 0, 0, 0, 0, 0, 0, 0, 0, 0, 0, 0, 0, 0, 0, 0, 0, 0, 0, 0, 0, 0, 0, 0, 0, 0, 0, 0, 0, 0, 0, 0, 0, 0, 0, 0, 0, 0, 0, 0, 0, 0, 0, 0]
equal: 0b00000001
equal: 0b00000001
equal: 0b00000001
True