((eqpy((concatpy (SERSYMIP_0x2e8c640[int2('0b00000000000000000000000000000011')],(concatpy (SERSYMIP_0x2e8c640[int2('0b00000000000000000000000000000010')],(concatpy (SERSYMIP_0x2e8c640[int2('0b00000000000000000000000000000001')],SERSYMIP_0x2e8c640[int2('0b00000000000000000000000000000000')])))))),(concatpy (CONNECTIP_0x2ec4130[int2('0b00000000000000000000000000000011')],(concatpy (CONNECTIP_0x2ec4130[int2('0b00000000000000000000000000000010')],(concatpy (CONNECTIP_0x2ec4130[int2('0b00000000000000000000000000000001')],CONNECTIP_0x2ec4130[int2('0b00000000000000000000000000000000')])))))))))
SERSYMIP_0x2e8c640
[192, 168, 1, 244, 0, 0, 0, 0, 0, 0, 0, 0, 0, 0, 0, 0, 0, 0, 0, 0, 0, 0, 0, 0, 0, 0, 0, 0, 0, 0, 0, 0]
SymClient_0x2eaacd0
[71, 69, 207, 223, 197, 95, 95, 95, 95, 95, 95, 95, 95, 95, 95, 95, 0, 0, 0, 0, 0, 0, 0, 0, 0, 0, 0, 0, 0, 0, 0, 0, 0, 0, 0, 0, 0, 0, 0, 0, 0, 0, 0, 0, 0, 0, 0, 0, 0, 0, 0, 0, 0, 0, 0, 0, 0, 0, 0, 0, 0, 0, 0, 0, 0, 0, 0, 0, 0, 0, 0, 0, 0, 0, 0, 0, 0, 0, 0, 0, 0, 0, 0, 0, 0, 0, 0, 0, 0, 0, 0, 0, 0, 0, 0, 0, 0, 0, 0, 0, 0, 0, 0, 0, 0, 0, 0, 0, 0, 0, 0, 0, 0, 0, 0, 0, 0, 0, 0, 0, 0, 0, 0, 0, 0, 0, 0, 0]
CONNECTIP_0x2ec4130
[192, 168, 1, 244, 0, 0, 0, 0, 0, 0, 0, 0, 0, 0, 0, 0, 0, 0, 0, 0, 0, 0, 0, 0, 0, 0, 0, 0, 0, 0, 0, 0]
equal: 0b00000000000000000000000000000001
True
((notpy(((eqpy((concatpy (SERSYMIP_0x2e8c640[int2('0b00000000000000000000000000000011')],(concatpy (SERSYMIP_0x2e8c640[int2('0b00000000000000000000000000000010')],(concatpy (SERSYMIP_0x2e8c640[int2('0b00000000000000000000000000000001')],SERSYMIP_0x2e8c640[int2('0b00000000000000000000000000000000')])))))),(concatpy (CONNECTIP_0x2ec4130[int2('0b00000000000000000000000000000011')],(concatpy (CONNECTIP_0x2ec4130[int2('0b00000000000000000000000000000010')],(concatpy (CONNECTIP_0x2ec4130[int2('0b00000000000000000000000000000001')],CONNECTIP_0x2ec4130[int2('0b00000000000000000000000000000000')]))))))))))))
SERSYMIP_0x2e8c640
[192, 168, 1, 244, 0, 0, 0, 0, 0, 0, 0, 0, 0, 0, 0, 0, 0, 0, 0, 0, 0, 0, 0, 0, 0, 0, 0, 0, 0, 0, 0, 0]
SymClient_0x2eaacd0
[71, 69, 207, 223, 197, 95, 95, 95, 95, 95, 95, 95, 95, 95, 95, 95, 0, 0, 0, 0, 0, 0, 0, 0, 0, 0, 0, 0, 0, 0, 0, 0, 0, 0, 0, 0, 0, 0, 0, 0, 0, 0, 0, 0, 0, 0, 0, 0, 0, 0, 0, 0, 0, 0, 0, 0, 0, 0, 0, 0, 0, 0, 0, 0, 0, 0, 0, 0, 0, 0, 0, 0, 0, 0, 0, 0, 0, 0, 0, 0, 0, 0, 0, 0, 0, 0, 0, 0, 0, 0, 0, 0, 0, 0, 0, 0, 0, 0, 0, 0, 0, 0, 0, 0, 0, 0, 0, 0, 0, 0, 0, 0, 0, 0, 0, 0, 0, 0, 0, 0, 0, 0, 0, 0, 0, 0, 0, 0]
CONNECTIP_0x2ec4130
[192, 168, 1, 244, 0, 0, 0, 0, 0, 0, 0, 0, 0, 0, 0, 0, 0, 0, 0, 0, 0, 0, 0, 0, 0, 0, 0, 0, 0, 0, 0, 0]
equal: 0b00000000000000000000000000000001
True